INSERT INTO `time` (`TimeID`, `Schedule`, `Shift`, `MenuID`) VALUES
(1, 2, 1, 2),
(2, 2, 2, 3),
(3, 2, 3, 4),
(4, 3, 1, 5),
(5, 3, 2, 6),
(6, 3, 3, 7),
(7, 4, 1, 8),
(8, 4, 2, 9),
(9, 4, 3, 10),
(10, 5, 1, 11),
(11, 5, 2, 12),
(12, 5, 3, 13),
(13, 6, 1, 14),
(14, 6, 2, 15),
(15, 6, 3, 16),
(16, 7, 1, 17),
(17, 7, 2, 18),
(18, 7, 3, 19),
(19, 8, 1, 20),
(20, 8, 2, 21),
(21, 8, 3, '22'),
(22, 9, 1, '23'), 
(23, 9, 2, '24'), 
(25, 10, 1, '26'), 
(26, 10, 2, '27'), 
(28, 11, 1, '29'), 
(29, 11, 2, '30'),
(31, 12, 1, 32),
(32, 12, 2, 33),
(34, 13, 1, 35),
(35, 13, 2, 36),
(37, 14, 1, 38),
(38, 14, 2, 39),
(40, 15, 1, 41),
(41, 15, 2, 42),
(46, 2, 4, 44),
(47, 3, 4, 45),
(48, 4, 4, 46),
(49, 5, 4, 47),
(50, 6, 4, 48),
(51, 7, 4, 49),
(52, 8, 4, 50),
(53, 9, 4, 51),
(54, 10, 4, 52),
(55, 11, 4, 53),
(56, 12, 4, 54),
(57, 13, 4, 55),
(58, 14, 4, 56),
(59, 15, 4, 57);